[908443171,2]
[100779526,0]
[2256760459,0]
[580151966,0]
[2785269257,1]
[3070537487,1]
[14131420,1]
[240649814,2]
[391411526,1]
[736662678379331589,1]
[2993449593,0]
[714386061833728001,0]
[21002587,0]
[311028372,0]
[45560489,1]
[76858507,1]
[3308676374,0]
[1616169078,0]
[928618363,0]
[2411386783,1]
[2453787236,0]
[828068220,1]
[2153809994,0]
[61375366,1]
[238575113,1]
[238118400,0]
[33989170,0]
[24920395,0]
[252981027,1]
[2751226827,1]
[131882980,1]
[3957920723,0]
[2635904288,1]
[50950964,0]
[17197378,1]
[142379064,1]
[304126565,0]
[27734496,1]
[346662113,0]
[992703330,0]
[198945680,0]
[183339683,0]
[74441791,0]
[3945784187,1]
[14788790,0]
[132911028,1]
[711881270,0]
[4224729994,1]
[504661583,1]
[2323772125,1]
[2334661493,0]
[492614913,0]
[18561348,0]
[248577712,0]
[2849444276,1]
[988156549,0]
[352402788,0]
[147994804,1]
[27060724,0]
[19827010,0]
[3284112337,0]
[49162880,1]
[786937495,1]
[106673706,0]
[1908658609,1]
[36950596,0]
[2785658480,0]
[36352595,0]
[16916866,0]
[79569980,0]
[134758540,1]
[587518850,1]
[2566535282,2]
[392773603,0]
[1186575924,0]
[35539603,0]
[38142665,0]
[1637974320,0]
[725182719760572421,0]
[1924383264,0]
[741058478228135937,1]
[57721830,0]
[4882084456,0]
[16664681,0]
[96939359,1]
[34310801,3]
[35785401,0]
[2223064093,0]
[2734103126,0]
[1521814032,1]
[95151374,1]
[390803438,1]
[58966831,0]
[463012661,0]
[17732002,0]
[380243461,0]
[67646648,1]
[17537467,1]
[775415430,1]
[65848157,0]
[3028247758,0]
[43035169,1]
[20433284,0]
[2689958113,0]
[556118417,1]
[147132528,1]
[1763501,0]
[246109715,0]
[37919483,1]
[807095,0]
[4323735923,1]
[153876973,0]
[1076777191,1]
[435147045,0]
[2563280899,0]
[82750524,1]
[64170753,1]
[133945128,0]
[629321044,1]
[725749073614114817,1]
[40012474,1]
[10774652,0]
[5392522,3]
[1395952622,0]
[40288957,0]
[19519947,1]
[31435069,1]
[4167413894,1]
[118284260,0]
[45013575,1]
[1266803563,1]
[1626294277,0]
[377294486,1]
[1073653525,1]
[150167582,0]
[2330761729,1]
[2865078826,1]
[831988088,1]
[3913961893,0]
[3034424365,0]
[201852154,1]
[313379422,0]
[101738213,0]
[21866939,0]
[18424289,3]
[311497321,0]
[621620724,0]
[119758810,0]
[2830022739,0]
[2201850816,1]
[19489239,0]
[2452343594,1]
[264115903,1]
[76889495,1]
[327760525,1]
[457812556,1]
[20013113,0]
[2956761399,0]
[705991448,1]
[617692639,1]
[162304163,1]
[186587664,1]
[128016049,0]
[152145921,0]
[1097218164,0]
[116807653,0]
[14670284,1]
[709147879202381825,1]
[242339687,1]
[711576455306743808,1]
[136655165,1]
[6529402,1]
[36397873,0]
[4511032827,0]
[329214596,0]
[1542533869,1]
[2206720667,1]
[1249366890,0]
[211344774,1]
[24705126,0]
[180317088,0]
[230274214,0]
[17387561,0]
[4771599689,1]
[3386532088,1]
[3404250059,0]
[84823082,0]
[111992715,0]
[820935110,0]
[22993014,0]
[428333,2]
[109125546,1]
[2236222567,1]
[604945697,0]
[1049681827,1]
[189448831,0]
[220298263,0]
[3315733658,0]
[371873553,1]
[634262770,0]
[30699754,5]
[756796452,2]
[20371573,1]
[81200530,1]
[113897359,1]
[8802752,0]
[526382615,1]
[3151927958,1]
[75972047,1]
[18149465,0]
[72500509,0]
[1362368612,1]
[15872418,0]
[85306437,0]
[21157904,0]
[24481831,0]
[138631447,0]
[1114317630,1]
[8839632,1]
[16361902,0]
[46062566,0]
[75883996,0]
[3171712086,1]
[419117476,0]
[88112161,0]
[12425692,0]
[338976083,0]
[1206726277,0]
[350141879,1]
[51241574,13]
[440978212,1]
[120815198,1]
[370669434,0]
[226165781,0]
[68820341,1]
[50651755,0]
[279118291,0]
[387808879,0]
[16513416,0]
[2795524054,0]
[702693524,1]
[2673839654,0]
[275198233,1]
[16294264,1]
[1701231847,0]
[3317646398,2]
[2957101507,0]
[2097571,1]
[2790518743,1]
[2848815176,1]
[127122971,0]
[899136540,1]
[7827962,0]
[88855750,1]
[739200153941217280,0]
[50254699,0]
[15968617,1]
[256495314,3]
[714947334,2]
[69172612,1]
[108124138,0]
[1216651544,1]
[14252356,0]
[8460572,0]
[3023037872,0]
[284383568,1]
[385412955,0]
[221105294,1]
[313496331,0]
[51491510,1]
[127790650,0]
[1746784693,1]
[338552196,1]
[3407135421,1]
[156846320,0]
[956311722,1]
[366089337,0]
[1307298884,0]
[1944222290,1]
[3902656812,0]
[44704537,0]
[3066787711,1]
[39240673,1]
[557025418,0]
[2211709545,0]
[1691235696,1]
[859409030,0]
[2240033851,1]
[737450550,1]
[2320657302,1]
[150286640,0]
[581229410,0]
[954046746,0]
[185141953,0]
[4299983233,0]
[3302700299,1]
[940908996,1]
[139768199,0]
[3245809837,0]
[2788642796,0]
[3250421856,1]
[2664603404,0]
[988887824,0]
[114431792,1]
[2911956082,0]
[14293310,1]
[234926056,0]
[378126181,1]
[22984882,1]
[633179216,0]
[31057963,1]
[17545469,1]
[142150016,0]
[558739638,0]
[29358147,0]
[1126011618,0]
[3146582413,0]
[363642799,1]
[585713901,0]
[20702013,0]
[2613070278,0]
[26028938,1]
[188870982,0]
[183036128,0]
[997126500,0]
[6754922,1]
[266567149,1]
[2781728735,1]
[513438857,1]
[159253357,0]
[729680942382583808,1]
[2719709196,0]
[19438384,0]
[342894187,0]
[19897138,4]
[61780365,0]
[18860860,0]
[77696645,0]
[395476407,1]
[16233170,0]
[318697688,1]
[2730969312,1]
[3989639140,0]
[1339835893,0]
[232908749,1]
[184604973,1]
[227741628,0]
[380648579,1]
[42043572,0]
[4077345073,0]
[1732560242,0]
[137804302,1]
[111381659,1]
[633948144,1]
[3327849574,0]
[427865020,1]
[2311574407,1]
[2210318846,1]
[95199214,1]
[17836882,0]
[3514987456,1]
[2501095249,1]
[3082495480,0]
[1102984189,1]
[49172648,0]
[14885540,1]
[2997326048,0]
[34312259,0]
[129744375,1]
[84823872,0]
[4825667054,0]
[457851160,0]
[600861060,0]
[148722315,0]
[705902960967094272,0]
[4721574708,1]
[18416448,0]
[718319754,1]
[31591353,0]
[280242927,1]
[6017542,2]
[437774410,0]
[206964235,0]
[80866959,1]
[123735296,1]
[2798552238,0]
[1643678617,1]
[2893768217,0]
[15012486,2]
[262380992,1]
[58026269,1]
[4217723157,0]
[619374235,0]
[747822822,0]
[30047164,1]
[15649433,0]
[32351121,1]
[2432606850,0]
[374604840,1]
[2273178882,1]
[21216192,0]
[1130037726,0]
[2187790560,1]
[192211443,0]
[2645258028,1]
[4638404336,0]
[2497838698,1]
[28156710,1]
[182466670,1]
[4063213755,0]
[2550870674,0]
[183050352,1]
[2280648054,1]
[14834302,0]
[2941365709,0]
[53313935,1]
[54182296,0]
[2422485697,0]
[87416722,2]
[15923797,0]
[18746292,1]
[18725815,0]
[22060027,0]
[4734316675,1]
[4338536501,0]
[4154113332,0]
[2836839353,0]
[2718288052,0]
[2907725794,0]
[579962917,0]
[1131352537,1]
[247503994,2]
[580997146,1]
[1853334732,0]
[69506712,0]
[44425241,1]
[4706038334,0]
[43300951,0]
[236487888,1]
[7996082,2]
[28611453,0]
[358754219,1]
[2149868270,0]
[155718531,1]
[38400130,0]
[1572648817,1]
[2841369493,1]
[391832980,0]
[342255284,0]
[150151712,0]
[1634763686,0]
[710237311242526721,1]
[17906632,0]
[2581857086,0]
[854958127,1]
[373490841,1]
[375407802,1]
[207906489,0]
[514802802,0]
[17683410,1]
[424682418,1]
[316414015,0]
[42582125,1]
[2821382863,1]
[3168353852,0]
[56039856,0]
[26995562,1]
[7424642,1]
[742143,1]
[1889686100,0]
[26893155,0]
[2895345258,0]
[28785486,0]
[429347690,0]
[529773715,1]
[2877235323,1]
[23820899,1]
[986112462,1]
[555934248,1]
[296235682,0]
[547050389,1]
[22585928,1]
[381949397,0]
[1017110414,1]
[952886232,1]
[4326847217,0]
[2496647126,1]
[860029016,0]
[47591883,0]
[215422921,1]
[386137123,1]
[278551481,0]
[15823826,1]
[24744541,0]
[107838793,0]
[18393661,1]
[362550965,1]
[132666564,0]
[17797666,0]
[24709718,0]
[2262642157,1]
[815322025,0]
[2151441167,1]
[46957051,0]
[349722607,1]
[825967105,1]
[4259512025,1]
[3305690678,0]
[50176450,0]
[339816318,1]
[264201471,1]
[51310666,1]
[2811559122,0]
[159033916,1]
[475041559,0]
[797515,0]
[97994396,0]
[1708820119,0]
[360769230,0]
[133790890,0]
[704941969433346048,0]
[3259793684,1]
[46078438,0]
[2572315144,4]
[234493600,1]
[2588948750,1]
[2833154944,1]
[2990149976,1]
[14691203,0]
[255040592,1]
[934399189,0]
[3422474392,1]
[1689913309,0]
[119401590,0]
[49979793,1]
[7818012,0]
[82401156,0]
[355989081,2]
[40874240,0]
[16374678,0]
[147725246,1]
[497665754,0]
[140784400,0]
[45808079,1]
[145992645,0]
[51933295,1]
[2475999465,1]
[247903672,1]
[2211027127,1]
[73682714,0]
[226324223,0]
[2953266052,0]
[33884545,0]
[2903789200,0]
[2302239423,0]
[87629490,0]
[2766671717,0]
[230735437,0]
[1632426716,1]
[519193958,0]
[166181488,0]
[719026066728361984,0]
[2869151899,1]
[9204502,0]
[611520488,1]
[34245009,0]
[2304953087,1]
[1172547139,1]
[40532427,0]
[114259310,1]
[75311070,1]
[24001226,1]
[2258963714,1]
[95653401,0]
[852261223,0]
[117468332,0]
[3080184888,0]
[2300289704,1]
[2446649959,0]
[2582018642,1]
[3269495126,1]
[322005131,1]
[3011598397,0]
[254401770,1]
[387435731,0]
[525954207,0]
[37034483,1]
[159072956,1]
[34197952,0]
[1030493862,0]
[75726671,1]
[133663801,0]
[64385029,0]
[412998472,1]
[2355482557,0]
[545151910,0]
[17230555,1]
[15954704,1]
[107816328,0]
[38402465,1]
[624641745,0]
[2879596616,1]
[14238519,0]
[118756583,1]
[19038934,0]
[175055258,1]
[862306448,1]
[33182221,0]
[110396781,0]
[4717892303,2]
[522593501,0]
[1966507722,0]
[189305014,0]
[297853502,1]
[100972027,0]
[51457810,0]
[27880877,1]
[338985020,1]
[61439905,0]
[20794676,0]
[4312913178,2]
[520483592,1]
[8168562,1]
[1595824910,1]
[133411809,1]
[2237602125,0]
[298468825,1]
[1056850669,1]
[40896100,1]
[586624738,1]
[217426144,0]
[18572546,0]
[247884504,0]
[606023743,0]
[323524461,0]
[64643056,1]
[2375276990,1]
[26461628,1]
[339384330,0]
[1664059166,1]
[17995040,0]
[209281098,0]
[9624742,0]
[726392702,0]
[17839398,0]
[2642784690,0]
[22240612,0]
[3196971696,0]
[3977384236,0]
[6134882,1]
[2149973089,0]
[27708897,0]
[416003202,1]
[22828310,1]
[2477215722,1]
[3306502488,0]
[47722134,2]
[61458407,2]
[1180025371,0]
[432809372,1]
[195575801,0]
[57732899,0]
[721304721374322689,1]
[145603832,0]
[702879461461659648,0]
[718561802787930113,1]
[2845849081,0]
[14173315,1]
[31540671,1]
[26574283,0]
[3622251449,1]
[140162053,0]
[233300359,0]
[37230170,0]
[137942107,1]
[177886974,0]
[199202745,0]
[2855890513,1]
[17778019,1]
[2326161099,1]
[1358146717,1]
[17229160,1]
[49204865,0]
[43532023,1]
[2984557972,0]
[23405846,1]
[2202375985,2]
[111313623,1]
[1134981072,0]
[2862577383,0]
[52424550,1]
[1495164260,1]
[1496212820,0]
[14591141,1]
[430437851,1]
[68239468,1]
[2830484683,0]
[905216395,1]
[2960887032,1]
[16887175,1]
[513452562,1]
[75014385,0]
[1176994477,2]
[123573207,1]
[16514160,0]
[152325528,1]
[3580248555,1]
[207227095,0]
[69613737,1]
[251663248,1]
[1953669344,0]
[103330491,1]
[38647512,2]
[112943662,1]
[311397912,0]
[384434800,1]
[323016668,1]
[1177979562,0]
[21276122,0]
[133929829,1]
[2298920345,1]
[868114206,1]
[551013493,0]
[20850076,0]
[1340408646,0]
[206330090,0]
[18771385,1]
[1338047336,1]
[15438913,0]
[14980174,1]
[7587032,2]
[7668952,1]
[718775930,1]
[17163691,0]
[220651913,1]
[2349277367,2]
[17919393,2]
[243950136,0]
[1372665186,0]
[138716400,0]
[1269258001,0]
[283632721,0]
[510120656,1]
[3328064230,0]
[261239594,1]
[353903008,0]
[15901769,1]
[181792363,1]
[432557320,0]
[26500439,0]
[150725695,0]
[16389180,1]
[3002789437,0]
[3071144903,1]
[54710153,1]
[187092978,1]
[813065377,0]
[701725963,0]
[82403377,0]
[238080747,0]
[43855487,1]
[104030935,1]
[1336218432,0]
[39790265,0]
[2831713327,0]
[54738859,0]
[429864309,0]
[1028630946,1]
[51554275,0]
[335535886,0]
[2649409820,1]
[3004327914,1]
[40597139,1]
[288067030,1]
[1226481127,1]
[746436738,0]
[724733490,0]
[966171799,1]
[34713362,0]
[48967656,1]
[5817692,1]
[228477083,1]
[2163928572,1]
[4662829290,1]
[495370382,0]
[54226483,0]
[486007290,0]
[247981000,1]
[2380794104,1]
[19985444,0]
[2311343312,0]
[2815253209,0]
[731291922254467073,0]
[1019455962,0]
[2830484910,0]
[1231484029,1]
[474835281,0]
[3835396486,0]
[113415132,1]
[472074557,1]
[2301535280,0]
[109171621,1]
[17169453,0]
[17325090,1]
[4145603123,1]
[1560664110,0]
[2684779816,1]
[4708146575,0]
[991221307,0]
[34082620,0]
[2296045039,0]
[25357498,0]
[1625597406,0]
[537290044,1]
[2326865802,1]
[3882048088,0]
[138478972,0]
[235733811,0]
[45084560,0]
[403780910,0]
[67334466,0]
[65007261,1]
[10012122,0]
[42717128,0]
[25763021,0]
[96448762,0]
[334454440,0]
[147991962,1]
[1148188964,0]
[323839489,0]
[283901351,0]
[1850680093,0]
[14529929,0]
[719331366186393600,1]
[89950212,1]
[21802000,1]
[68774214,0]
[223739958,0]
[2989399887,2]
[2785231714,1]
[435035276,1]
[169033588,1]
[3033764283,0]
[2389748504,0]
[88113192,0]
[49053573,1]
[2587850581,0]
[6509832,0]
[9397732,1]
[85889137,0]
[462683900,1]
[736186002,1]
[217330049,1]
[14138785,0]
[17048700,1]
[214317500,1]
[165196963,1]
[32861321,0]
[487118986,0]
[129673790,1]
[177829660,2]
[41048052,0]
[18396319,0]
[307793874,1]
[342034927,0]
[561335546,0]
[1684670970,1]
[722967230086946816,1]
[87818409,1]
[729302537166270464,1]
[953109848,1]
[546657547,0]
[22127823,0]
[1537470012,1]
[2403392227,1]
[2763565341,1]
[622522559,0]
[121514648,1]
[99305539,1]
[36409216,0]
[3305488553,1]
[142028251,1]
[928875248,1]
[16305494,0]
[3020747170,0]
[3286586954,1]
[722714274,1]
[17931424,1]
[138214798,1]
[34822048,1]
[148997461,1]
[2435380381,0]
[2454702073,0]
[35362720,1]
[208413101,0]
[742668672,1]
[611350965,0]
[36327407,0]
[429601885,2]
[4870746007,2]
[125944392,0]
[60937837,0]
[48144146,0]
[1699487874,0]
[4811164427,0]
[117439280,1]
[3108351,0]
[15760672,0]
[2567079122,1]
[149015856,0]
[885721369,1]
[712155361143185408,0]
[54511337,0]
[759251,10]
[976988131,0]
[562177112,1]
[111977331,1]
[137207244,0]
[4647620839,0]
[16725276,0]
[46704429,1]
[552865041,0]
[215058742,1]
[590284484,0]
[1107119120,0]
[2938090225,0]
[58048133,0]
[135247359,0]
[68440549,0]
[122940070,0]
[1630543046,0]
[3948670637,0]
[999771745,0]
[2822512068,1]
[328541805,0]
[244218738,0]
[932303468,0]
[56413858,0]
[1367531,1]
[290395312,1]
[2424241790,0]
[15720175,1]
[18374425,0]
[64744912,0]
[18079519,1]
[1394095381,0]
[832718768,1]
[437453824,0]
[105998402,1]
[15535860,0]
[50769180,1]
[767689688,1]
[38474832,1]
[432322520,1]
[2795245697,1]
[2382060517,0]
[47496394,0]
[1174501406,0]
[70730280,0]
[5893702,0]
[1877213636,0]
[15404745,0]
[793332079,1]
[320726331,0]
[725431573,1]
[2427905690,0]
[18071358,1]
[165326839,0]
[4019546554,0]
[58959283,0]
[58758576,0]
[171754508,1]
[23377748,1]
[196871565,1]
[3043779423,1]
[182578386,0]
[505196587,0]
[120649992,0]
[88537980,0]
[547301029,0]
[139929196,1]
[1536611755,0]
[2980186012,1]
[149913262,1]
[69313123,0]
[381915273,1]
[632595449,0]
[1994321,1]
[228713457,0]
[100986964,1]
[49857705,0]
[608033385,0]
[60061120,0]
[191505726,1]
[2718164052,1]
[2735793480,0]
[418698924,1]
[72882689,0]
[55842062,12]
[246194416,0]
[2836944710,0]
[82072251,0]
[74433034,0]
[7869982,0]
[2174509045,0]
[144363253,1]
[2481626522,0]
[21104432,0]
[9567972,1]
[50201737,0]
[66481550,0]
[21686067,1]
[101417074,1]
[829347607,0]
[488260448,0]
[1664939335,0]
[426561297,1]
[147537589,1]
[18628451,0]
[90524645,0]
[3480132076,0]
[2447644512,0]
[145008162,1]
[4472065032,0]
[17614726,0]
[293715722,0]
[604883587,0]
[1372874587,0]
[2547790158,1]
[7309052,1]
[810647239,0]
[136562356,0]
[331617619,1]
[23685118,1]
[500151127,1]
[171429034,0]
[113987669,0]
[68164273,1]
[4782164908,0]
[95431448,0]
[34421926,0]
[335455570,0]
[90227660,0]
[597361975,0]
[834672494,1]
[18966415,0]
[864927037,1]
[367227730,0]
[828717014,1]
[753574489,0]
[1321898108,1]
[3982293994,1]
[454290853,0]
[92805937,1]
[18247597,0]
[465702270,2]
[4786189306,0]
[242714826,0]
[2395121791,0]
[20627332,0]
[31119205,0]
[261939549,1]
[5627542,0]
[2906655619,0]
[237299936,1]
[2535590378,1]
[405667557,1]
[48587820,0]
[303862998,1]
[26292059,1]
[333888813,1]
[212099695,0]
[3364589120,0]
[798401,1]
[93088579,0]
[68156126,0]
[16676396,0]
[44596346,0]
[18935802,2]
[329772412,1]
[415553048,1]
[74707629,1]
[37874853,0]
[2285141712,1]
[1446783193,0]
[2253170858,1]
[1278515923,0]
[17741799,0]
[21522338,0]
[398752046,0]
[1923103819,1]
[549514800,0]
[18159588,0]
[798288229,0]
[216234513,2]
[166635292,1]
[202441445,0]
[1204707642,0]
[21352370,0]
[520653311,1]
[324763052,1]
[1352019566,0]
[3316079454,0]
[72245941,0]
[572122341,0]
[1322420269,1]
[34280715,1]
[36201772,0]
[37764422,1]
[128012454,1]
[1070500039,0]
[344261512,0]
[3025757015,0]
[11966392,1]
[562568856,0]
[371808569,1]
[960167467,0]
[72489795,1]
[4776833963,0]
[365462238,0]
[3926381840,0]
[16973333,1]
[2823192415,0]
[139235158,1]
[1350989725,1]
[16815644,0]
[71652185,0]
[337206020,0]
[727059528,0]
[316063176,0]
[47685065,0]
[20448792,0]
[1146809210,0]
[502751959,0]
[17514024,0]
[1652541,5]
[2265432099,1]
[918847968,0]
[151432737,1]
[1894735813,0]
[2468062257,0]
[267722968,1]
[543774554,1]
[14917589,0]
[2576264888,1]
[874763028,1]
[18320938,2]
[111935889,1]
[20430345,0]
[20399735,1]
[14186393,1]
[4300087053,1]
[79412223,1]
[16172991,0]
[413491182,1]
[4236401613,1]
[3087296331,0]
[3214831821,1]
[302808408,0]
[718337999474401280,1]
[1501810393,0]
[4321820354,0]
[1877831,2]
[2840378924,1]
[23723528,1]
[4228879213,0]
[379969984,1]
[745143055,0]
[634532538,1]
[1153045459,1]
[4791255802,1]
[2647911073,1]
[137682758,1]
[412776430,1]
[845997336,0]
[126554366,0]
[635300517,1]
[2891068202,1]
[2184246600,1]
[47138228,0]
[403670899,0]
[134133891,0]
[2184195506,1]
[2230309734,0]
[407293901,1]
[176534793,1]
[1425451896,1]
[150617972,0]
[1270150182,1]
[5781452,1]
[454513795,1]
[695957162867220480,0]
[71807953,0]
[2873849053,1]
[519983462,1]
[1020058453,1]
[294327826,0]
[17710740,0]
[3055067522,0]
[50279781,0]
[620546912,0]
[1462253749,0]
[298442326,1]
[811061192,1]
[29255194,1]
[1371596388,1]
[177702195,1]
[5402612,12]
[14665593,0]
[94607882,0]
[2990122384,0]
[1840372254,3]
[183334236,1]
[100731315,0]
[34262462,1]
[100174414,1]
[598105105,0]
[40637908,1]
[2404174069,0]
[164335216,1]
[3006989562,1]
[256999571,0]
[29681153,0]
[48438566,1]
[2977384127,0]
[130902021,0]
[137916402,0]
[1415594922,1]
[197456911,0]
[41786801,0]
[26900055,3]
[39288218,0]
[123558035,1]
[2401921273,0]
[35550666,1]
[4715822787,0]
[110655823,1]
[1759181,1]
[281597727,1]
[124727478,1]
[1050052940,0]
[301588004,0]
[94110274,0]
[4970411,0]
[171650522,0]
[55186601,0]
[44971336,0]
[14333756,0]
[3318602282,0]
[2943576212,1]
[1139819544,1]
[2884535303,0]
[2467791,0]
[2400260346,0]
[940832767,1]
[245727561,1]
[625566372,1]
[2836421,1]
[82084630,0]
[21186231,0]
[72838050,1]
[24952459,0]
[2403016908,1]
[2887465954,0]
[1937532032,0]
[1232348810,1]
[117983479,0]
