[908443171,0,[[3043779423,0],[418698924,0]]]
[100779526,0,[]]
[2256760459,0,[]]
[2785269257,0,[[111313623,0]]]
[580151966,0,[]]
[14131420,0,[[139235158,0]]]
[3070537487,0,[[412998472,0]]]
[240649814,0,[[147537589,0],[40896100,0]]]
[391411526,0,[[759251,0]]]
[2993449593,0,[]]
[21002587,0,[]]
[311028372,0,[]]
[45560489,0,[[6017542,0]]]
[76858507,0,[[49979793,0]]]
[3308676374,0,[]]
[928618363,0,[]]
[1616169078,0,[]]
[2453787236,0,[]]
[2411386783,0,[[6529402,0]]]
[828068220,0,[[1840372254,0],[3214831821,0]]]
[2153809994,0,[]]
[61375366,0,[[17545469,0]]]
[238575113,0,[[72489795,0]]]
[238118400,0,[]]
[33989170,0,[]]
[2751226827,0,[[513452562,0]]]
[252981027,0,[[245727561,0]]]
[24920395,0,[]]
[131882980,0,[[69613737,0]]]
[3957920723,0,[]]
[2635904288,0,[[759251,0]]]
[50950964,0,[]]
[142379064,0,[[162304163,0],[2187790560,0]]]
[17197378,0,[[61458407,0]]]
[304126565,0,[]]
[27734496,0,[[15012486,0]]]
[346662113,0,[]]
[992703330,0,[]]
[198945680,0,[]]
[183339683,0,[]]
[74441791,0,[]]
[3945784187,0,[[186587664,0]]]
[14788790,0,[]]
[132911028,0,[[151432737,0]]]
[711881270,0,[]]
[4224729994,0,[[215058742,0]]]
[504661583,0,[[465702270,0]]]
[2323772125,0,[[43855487,0]]]
[492614913,0,[]]
[2334661493,0,[]]
[18561348,0,[]]
[248577712,0,[]]
[988156549,0,[]]
[2849444276,0,[[1746784693,0]]]
[352402788,0,[]]
[147994804,0,[[742668672,0]]]
[27060724,0,[]]
[19827010,0,[]]
[49162880,0,[[4717892303,0]]]
[3284112337,0,[]]
[786937495,0,[[121514648,0]]]
[106673706,0,[]]
[1908658609,0,[[1056850669,0]]]
[36950596,0,[]]
[36352595,0,[]]
[2785658480,0,[]]
[16916866,0,[]]
[79569980,0,[]]
[134758540,0,[[1231484029,0]]]
[721304721374322689,0,[[2869151899,0]]]
[587518850,0,[[1139819544,0]]]
[2566535282,0,[[1521814032,0],[6754922,0]]]
[392773603,0,[]]
[35539603,0,[]]
[1186575924,0,[]]
[38142665,0,[]]
[1637974320,0,[]]
[1924383264,0,[]]
[57721830,0,[]]
[16664681,0,[]]
[4882084456,0,[]]
[96939359,0,[[18746292,0]]]
[34310801,0,[[379969984,0],[284383568,0],[2265432099,0]]]
[35785401,0,[]]
[2223064093,0,[]]
[2734103126,0,[]]
[1521814032,0,[[2566535282,0]]]
[95151374,0,[[21802000,0]]]
[390803438,0,[[625566372,0]]]
[58966831,0,[]]
[463012661,0,[]]
[17732002,0,[]]
[380243461,0,[]]
[17537467,0,[[31057963,0],[262380992,0],[220651913,0]]]
[67646648,0,[[69172612,0]]]
[775415430,0,[[37919483,0]]]
[65848157,0,[]]
[3028247758,0,[]]
[43035169,0,[[2781728735,0]]]
[20433284,0,[]]
[556118417,0,[[22828310,0]]]
[2689958113,0,[]]
[147132528,0,[[55842062,0]]]
[1763501,0,[]]
[246109715,0,[]]
[37919483,0,[[775415430,0]]]
[807095,0,[]]
[719331366186393600,0,[[339816318,0]]]
[4323735923,0,[[22984882,0]]]
[729680942382583808,0,[[28156710,0]]]
[153876973,0,[]]
[1076777191,0,[[327760525,0]]]
[435147045,0,[]]
[2563280899,0,[]]
[82750524,0,[[2097571,0]]]
[64170753,0,[[61458407,0]]]
[133945128,0,[]]
[629321044,0,[[214317500,0]]]
[5392522,0,[[14885540,0],[798401,0],[51491510,0]]]
[10774652,0,[]]
[40012474,0,[[1131352537,0]]]
[1395952622,0,[]]
[40288957,0,[]]
[31435069,0,[[718561802787930113,0]]]
[19519947,0,[[429601885,0]]]
[4167413894,0,[[520653311,0]]]
[118284260,0,[]]
[45013575,0,[[139929196,0]]]
[1626294277,0,[]]
[1266803563,0,[[1684670970,0]]]
[377294486,0,[[55842062,0]]]
[1073653525,0,[[14591141,0]]]
[2330761729,0,[[457812556,0]]]
[150167582,0,[]]
[2865078826,0,[[462683900,0]]]
[831988088,0,[[440978212,0]]]
[3913961893,0,[]]
[3034424365,0,[]]
[201852154,0,[[51241574,0]]]
[313379422,0,[]]
[101738213,0,[]]
[21866939,0,[]]
[18424289,0,[[42582125,0],[137682758,0],[17931424,0]]]
[311497321,0,[]]
[621620724,0,[]]
[119758810,0,[]]
[2830022739,0,[]]
[2201850816,0,[[3386532088,0]]]
[19489239,0,[]]
[2452343594,0,[[1595824910,0]]]
[264115903,0,[[55842062,0]]]
[76889495,0,[[51241574,0]]]
[327760525,0,[[44425241,0],[854958127,0],[1076777191,0]]]
[457812556,0,[[2330761729,0]]]
[20013113,0,[]]
[2956761399,0,[]]
[705991448,0,[[23820899,0]]]
[617692639,0,[[155718531,0]]]
[162304163,0,[[142379064,0],[371873553,0],[2567079122,0]]]
[186587664,0,[[3945784187,0]]]
[128016049,0,[]]
[152145921,0,[]]
[1097218164,0,[]]
[116807653,0,[]]
[14670284,0,[[759251,0]]]
[242339687,0,[[18935802,0]]]
[136655165,0,[[1322420269,0]]]
[6529402,0,[[2411386783,0]]]
[4511032827,0,[]]
[36397873,0,[]]
[329214596,0,[]]
[1542533869,0,[[17048700,0]]]
[2206720667,0,[[500151127,0]]]
[1249366890,0,[]]
[211344774,0,[[68239468,0]]]
[24705126,0,[]]
[180317088,0,[]]
[230274214,0,[]]
[4771599689,0,[[114259310,0]]]
[17387561,0,[]]
[3386532088,0,[[2201850816,0]]]
[3404250059,0,[]]
[84823082,0,[]]
[111992715,0,[]]
[820935110,0,[]]
[22993014,0,[]]
[428333,0,[[165196963,0],[18079519,0]]]
[109125546,0,[[256495314,0]]]
[2236222567,0,[[2163928572,0]]]
[604945697,0,[]]
[1049681827,0,[[26900055,0]]]
[189448831,0,[]]
[220298263,0,[]]
[3315733658,0,[]]
[371873553,0,[[162304163,0]]]
[634262770,0,[]]
[30699754,0,[[832718768,0],[27880877,0],[17230555,0],[101417074,0],[868114206,0]]]
[756796452,0,[[3286586954,0],[17778019,0]]]
[722967230086946816,0,[[159033916,0]]]
[20371573,0,[[11966392,0]]]
[81200530,0,[[709147879202381825,0]]]
[113897359,0,[[5402612,0]]]
[8802752,0,[]]
[526382615,0,[[19897138,0]]]
[3151927958,0,[[580997146,0]]]
[75972047,0,[[1367531,0]]]
[739200153941217280,0,[]]
[18149465,0,[]]
[72500509,0,[]]
[1362368612,0,[[2821382863,0]]]
[15872418,0,[]]
[85306437,0,[]]
[21157904,0,[]]
[24481831,0,[]]
[138631447,0,[]]
[1114317630,0,[[9397732,0]]]
[8839632,0,[[834672494,0]]]
[16361902,0,[]]
[46062566,0,[]]
[75883996,0,[]]
[3171712086,0,[[75311070,0]]]
[419117476,0,[]]
[88112161,0,[]]
[12425692,0,[]]
[338976083,0,[]]
[1206726277,0,[]]
[350141879,0,[[177829660,0]]]
[51241574,0,[[175055258,0],[635300517,0],[17683410,0],[201852154,0],[1664059166,0],[416003202,0],[191505726,0],[956311722,0],[38402465,0],[76889495,0],[104030935,0],[176534793,0],[3269495126,0]]]
[440978212,0,[[831988088,0]]]
[120815198,0,[[16389180,0]]]
[370669434,0,[]]
[226165781,0,[]]
[68820341,0,[[255040592,0]]]
[50651755,0,[]]
[279118291,0,[]]
[387808879,0,[]]
[16513416,0,[]]
[2795524054,0,[]]
[702693524,0,[[159072956,0]]]
[2673839654,0,[]]
[275198233,0,[[9567972,0]]]
[16294264,0,[[221105294,0]]]
[1701231847,0,[]]
[3317646398,0,[[2891068202,0],[261239594,0]]]
[2957101507,0,[]]
[2097571,0,[[82750524,0]]]
[2790518743,0,[[288067030,0]]]
[2848815176,0,[[2730969312,0]]]
[127122971,0,[]]
[899136540,0,[[7309052,0]]]
[7827962,0,[]]
[88855750,0,[[714947334,0]]]
[50254699,0,[]]
[15968617,0,[[303862998,0]]]
[256495314,0,[[338552196,0],[28156710,0],[109125546,0]]]
[714947334,0,[[247981000,0],[88855750,0]]]
[69172612,0,[[67646648,0]]]
[108124138,0,[]]
[1216651544,0,[[196871565,0]]]
[14252356,0,[]]
[8460572,0,[]]
[3023037872,0,[]]
[284383568,0,[[34310801,0]]]
[385412955,0,[]]
[221105294,0,[[16294264,0]]]
[313496331,0,[]]
[51491510,0,[[5392522,0]]]
[127790650,0,[]]
[1746784693,0,[[2849444276,0]]]
[338552196,0,[[256495314,0],[254401770,0],[7424642,0]]]
[3407135421,0,[[424682418,0]]]
[156846320,0,[]]
[956311722,0,[[51241574,0]]]
[366089337,0,[]]
[1307298884,0,[]]
[1944222290,0,[[14293310,0]]]
[712155361143185408,0,[]]
[3902656812,0,[]]
[44704537,0,[]]
[3066787711,0,[[2989399887,0]]]
[39240673,0,[[103330491,0]]]
[557025418,0,[]]
[2211709545,0,[]]
[1691235696,0,[[331617619,0]]]
[859409030,0,[]]
[2240033851,0,[[236487888,0]]]
[737450550,0,[[50769180,0]]]
[2320657302,0,[[3004327914,0]]]
[150286640,0,[]]
[581229410,0,[]]
[954046746,0,[]]
[185141953,0,[]]
[4299983233,0,[]]
[3302700299,0,[[811061192,0]]]
[940908996,0,[[147991962,0]]]
[139768199,0,[]]
[3245809837,0,[]]
[2788642796,0,[]]
[3250421856,0,[[4312913178,0]]]
[2664603404,0,[]]
[988887824,0,[]]
[114431792,0,[[1425451896,0]]]
[2911956082,0,[]]
[14293310,0,[[1944222290,0]]]
[234926056,0,[]]
[378126181,0,[[117439280,0]]]
[22984882,0,[[4323735923,0]]]
[633179216,0,[]]
[31057963,0,[[31540671,0],[17537467,0]]]
[17545469,0,[[61375366,0]]]
[142150016,0,[]]
[558739638,0,[]]
[29358147,0,[]]
[1126011618,0,[]]
[3146582413,0,[]]
[363642799,0,[[736186002,0]]]
[585713901,0,[]]
[20702013,0,[]]
[2613070278,0,[]]
[26028938,0,[[2795245697,0]]]
[188870982,0,[]]
[183036128,0,[]]
[997126500,0,[]]
[6754922,0,[[2566535282,0]]]
[266567149,0,[[26995562,0]]]
[2781728735,0,[[43035169,0]]]
[513438857,0,[[2855890513,0]]]
[159253357,0,[]]
[2719709196,0,[]]
[19438384,0,[]]
[342894187,0,[]]
[19897138,0,[[323016668,0],[526382615,0],[26461628,0],[2879596616,0]]]
[61780365,0,[]]
[18860860,0,[]]
[77696645,0,[]]
[395476407,0,[[15012486,0]]]
[16233170,0,[]]
[318697688,0,[[75726671,0]]]
[2730969312,0,[[2848815176,0]]]
[3989639140,0,[]]
[1339835893,0,[]]
[725749073614114817,0,[[519983462,0]]]
[232908749,0,[[718337999474401280,0]]]
[184604973,0,[[79412223,0]]]
[227741628,0,[]]
[380648579,0,[[18393661,0]]]
[718337999474401280,0,[[232908749,0]]]
[42043572,0,[]]
[4077345073,0,[]]
[1732560242,0,[]]
[137804302,0,[[18320938,0]]]
[111381659,0,[[435035276,0]]]
[633948144,0,[[864927037,0]]]
[3327849574,0,[]]
[427865020,0,[[47722134,0]]]
[2311574407,0,[[759251,0]]]
[2210318846,0,[[18071358,0]]]
[95199214,0,[[1994321,0]]]
[17836882,0,[]]
[3514987456,0,[[759251,0]]]
[2501095249,0,[[986112462,0]]]
[3082495480,0,[]]
[1102984189,0,[[966171799,0]]]
[49172648,0,[]]
[14885540,0,[[5392522,0]]]
[2997326048,0,[]]
[34312259,0,[]]
[129744375,0,[[338985020,0]]]
[4825667054,0,[]]
[84823872,0,[]]
[457851160,0,[]]
[600861060,0,[]]
[148722315,0,[]]
[4721574708,0,[[22585928,0]]]
[18416448,0,[]]
[718319754,0,[[262380992,0]]]
[31591353,0,[]]
[280242927,0,[[37034483,0]]]
[6017542,0,[[29255194,0],[45560489,0]]]
[437774410,0,[]]
[206964235,0,[]]
[80866959,0,[[100986964,0]]]
[123735296,0,[[92805937,0]]]
[2798552238,0,[]]
[1643678617,0,[[55842062,0]]]
[2893768217,0,[]]
[15012486,0,[[27734496,0],[395476407,0]]]
[262380992,0,[[718319754,0],[17537467,0]]]
[58026269,0,[[634532538,0]]]
[4217723157,0,[]]
[619374235,0,[]]
[747822822,0,[]]
[30047164,0,[[825967105,0]]]
[15649433,0,[]]
[32351121,0,[[6134882,0]]]
[2432606850,0,[]]
[374604840,0,[[3071144903,0]]]
[2273178882,0,[[55842062,0]]]
[21216192,0,[]]
[1130037726,0,[]]
[2187790560,0,[[142379064,0]]]
[192211443,0,[]]
[2645258028,0,[[2202375985,0]]]
[4638404336,0,[]]
[2497838698,0,[[547050389,0]]]
[28156710,0,[[256495314,0],[729680942382583808,0]]]
[182466670,0,[[55842062,0]]]
[4063213755,0,[]]
[2550870674,0,[]]
[183050352,0,[[5402612,0]]]
[2280648054,0,[[2990149976,0]]]
[14834302,0,[]]
[2941365709,0,[]]
[53313935,0,[[2298920345,0]]]
[54182296,0,[]]
[2422485697,0,[]]
[87416722,0,[[26292059,0],[18771385,0]]]
[15923797,0,[]]
[18746292,0,[[96939359,0]]]
[18725815,0,[]]
[22060027,0,[]]
[4338536501,0,[]]
[4734316675,0,[[711576455306743808,0]]]
[4154113332,0,[]]
[2836839353,0,[]]
[2718288052,0,[]]
[2907725794,0,[]]
[579962917,0,[]]
[1131352537,0,[[40012474,0]]]
[247503994,0,[[23723528,0],[905216395,0]]]
[580997146,0,[[3151927958,0]]]
[1853334732,0,[]]
[69506712,0,[]]
[44425241,0,[[327760525,0],[725431573,0]]]
[4706038334,0,[]]
[43300951,0,[]]
[236487888,0,[[2240033851,0]]]
[7996082,0,[[112943662,0],[1028630946,0]]]
[28611453,0,[]]
[358754219,0,[[430437851,0]]]
[2149868270,0,[]]
[155718531,0,[[617692639,0]]]
[38400130,0,[]]
[1572648817,0,[[386137123,0]]]
[2841369493,0,[[2253170858,0]]]
[391832980,0,[]]
[342255284,0,[]]
[150151712,0,[]]
[1634763686,0,[]]
[17906632,0,[]]
[2581857086,0,[]]
[854958127,0,[[327760525,0]]]
[373490841,0,[[264201471,0]]]
[375407802,0,[[1652541,0]]]
[207906489,0,[]]
[514802802,0,[]]
[17683410,0,[[51241574,0]]]
[424682418,0,[[3407135421,0]]]
[316414015,0,[]]
[42582125,0,[[18424289,0]]]
[2821382863,0,[[1362368612,0]]]
[3168353852,0,[]]
[56039856,0,[]]
[26995562,0,[[266567149,0]]]
[7424642,0,[[338552196,0]]]
[742143,0,[[72838050,0]]]
[1889686100,0,[]]
[26893155,0,[]]
[2895345258,0,[]]
[28785486,0,[]]
[429347690,0,[]]
[529773715,0,[[2980186012,0]]]
[2877235323,0,[[2960887032,0]]]
[23820899,0,[[705991448,0]]]
[986112462,0,[[2501095249,0]]]
[555934248,0,[[1176994477,0]]]
[296235682,0,[]]
[547050389,0,[[2497838698,0]]]
[22585928,0,[[4721574708,0]]]
[381949397,0,[]]
[1017110414,0,[[144363253,0]]]
[952886232,0,[[2151441167,0]]]
[4326847217,0,[]]
[2496647126,0,[[2572315144,0]]]
[860029016,0,[]]
[47591883,0,[]]
[215422921,0,[[16887175,0]]]
[386137123,0,[[1572648817,0]]]
[278551481,0,[]]
[15823826,0,[[23685118,0]]]
[24744541,0,[]]
[107838793,0,[]]
[18393661,0,[[380648579,0]]]
[362550965,0,[[828717014,0]]]
[132666564,0,[]]
[17797666,0,[]]
[24709718,0,[]]
[2262642157,0,[[15720175,0]]]
[815322025,0,[]]
[2151441167,0,[[952886232,0]]]
[46957051,0,[]]
[349722607,0,[[940832767,0]]]
[825967105,0,[[30047164,0]]]
[4259512025,0,[[43532023,0]]]
[3305690678,0,[]]
[50176450,0,[]]
[339816318,0,[[719331366186393600,0]]]
[264201471,0,[[373490841,0]]]
[51310666,0,[[38647512,0]]]
[2811559122,0,[]]
[159033916,0,[[722967230086946816,0]]]
[475041559,0,[]]
[797515,0,[]]
[97994396,0,[]]
[1708820119,0,[]]
[360769230,0,[]]
[133790890,0,[]]
[3259793684,0,[[429601885,0]]]
[46078438,0,[]]
[2572315144,0,[[2496647126,0],[2375276990,0],[128012454,0],[2943576212,0]]]
[234493600,0,[[5402612,0]]]
[2588948750,0,[[2763565341,0]]]
[2833154944,0,[[26900055,0]]]
[2990149976,0,[[2280648054,0]]]
[14691203,0,[]]
[255040592,0,[[68820341,0]]]
[934399189,0,[]]
[3422474392,0,[[65007261,0]]]
[1689913309,0,[]]
[119401590,0,[]]
[49979793,0,[[76858507,0]]]
[7818012,0,[]]
[82401156,0,[]]
[355989081,0,[[1321898108,0],[1923103819,0]]]
[40874240,0,[]]
[16374678,0,[]]
[147725246,0,[[181792363,0]]]
[497665754,0,[]]
[140784400,0,[]]
[45808079,0,[[2576264888,0]]]
[145992645,0,[]]
[51933295,0,[[17229160,0]]]
[2475999465,0,[[2785231714,0]]]
[247903672,0,[[149913262,0]]]
[2211027127,0,[[3622251449,0]]]
[73682714,0,[]]
[226324223,0,[]]
[2953266052,0,[]]
[33884545,0,[]]
[2903789200,0,[]]
[2302239423,0,[]]
[87629490,0,[]]
[2766671717,0,[]]
[230735437,0,[]]
[1632426716,0,[[3982293994,0]]]
[519193958,0,[]]
[166181488,0,[]]
[2869151899,0,[[721304721374322689,0]]]
[9204502,0,[]]
[611520488,0,[[2349277367,0]]]
[34245009,0,[]]
[2304953087,0,[[1270150182,0]]]
[1172547139,0,[[1415594922,0]]]
[40532427,0,[]]
[114259310,0,[[4771599689,0]]]
[75311070,0,[[3171712086,0]]]
[24001226,0,[[183334236,0]]]
[2258963714,0,[[55842062,0]]]
[95653401,0,[]]
[714386061833728001,0,[]]
[852261223,0,[]]
[117468332,0,[]]
[3080184888,0,[]]
[2300289704,0,[[426561297,0]]]
[2446649959,0,[]]
[2582018642,0,[[2547790158,0]]]
[3269495126,0,[[51241574,0]]]
[322005131,0,[[4662829290,0]]]
[3011598397,0,[]]
[254401770,0,[[338552196,0]]]
[387435731,0,[]]
[525954207,0,[]]
[37034483,0,[[280242927,0]]]
[159072956,0,[[702693524,0]]]
[34197952,0,[]]
[1030493862,0,[]]
[75726671,0,[[318697688,0]]]
[133663801,0,[]]
[64385029,0,[]]
[412998472,0,[[3070537487,0]]]
[2355482557,0,[]]
[545151910,0,[]]
[17230555,0,[[30699754,0]]]
[15954704,0,[[298468825,0]]]
[107816328,0,[]]
[38402465,0,[[51241574,0]]]
[624641745,0,[]]
[2879596616,0,[[19897138,0]]]
[14238519,0,[]]
[118756583,0,[[333888813,0]]]
[19038934,0,[]]
[175055258,0,[[51241574,0]]]
[862306448,0,[[3580248555,0]]]
[33182221,0,[]]
[110396781,0,[]]
[4717892303,0,[[49162880,0],[1350989725,0]]]
[522593501,0,[]]
[1966507722,0,[]]
[189305014,0,[]]
[297853502,0,[[759251,0]]]
[100972027,0,[]]
[51457810,0,[]]
[27880877,0,[[30699754,0]]]
[338985020,0,[[129744375,0]]]
[61439905,0,[]]
[719026066728361984,0,[]]
[20794676,0,[]]
[4312913178,0,[[2822512068,0],[3250421856,0]]]
[520483592,0,[[465702270,0]]]
[8168562,0,[[261939549,0]]]
[1595824910,0,[[307793874,0],[2452343594,0]]]
[133411809,0,[[148997461,0]]]
[2237602125,0,[]]
[1056850669,0,[[1908658609,0]]]
[298468825,0,[[15954704,0]]]
[40896100,0,[[240649814,0]]]
[586624738,0,[[17919393,0]]]
[217426144,0,[]]
[18572546,0,[]]
[247884504,0,[]]
[606023743,0,[]]
[323524461,0,[]]
[64643056,0,[[793332079,0]]]
[2375276990,0,[[2572315144,0]]]
[26461628,0,[[19897138,0]]]
[339384330,0,[]]
[1664059166,0,[[51241574,0]]]
[17995040,0,[]]
[209281098,0,[]]
[9624742,0,[]]
[726392702,0,[]]
[17839398,0,[]]
[2642784690,0,[]]
[22240612,0,[]]
[3196971696,0,[]]
[3977384236,0,[]]
[6134882,0,[[32351121,0]]]
[2149973089,0,[]]
[27708897,0,[]]
[416003202,0,[[51241574,0]]]
[22828310,0,[[556118417,0]]]
[2477215722,0,[[1652541,0]]]
[3306502488,0,[]]
[47722134,0,[[4236401613,0],[427865020,0]]]
[61458407,0,[[64170753,0],[17197378,0]]]
[1180025371,0,[]]
[432809372,0,[[169033588,0]]]
[195575801,0,[]]
[57732899,0,[]]
[145603832,0,[]]
[2845849081,0,[]]
[14173315,0,[[2836421,0]]]
[31540671,0,[[412776430,0],[31057963,0]]]
[26574283,0,[]]
[3622251449,0,[[2211027127,0]]]
[140162053,0,[]]
[233300359,0,[]]
[37230170,0,[]]
[137942107,0,[[1358146717,0]]]
[177886974,0,[]]
[199202745,0,[]]
[2855890513,0,[[513438857,0]]]
[17778019,0,[[756796452,0]]]
[2326161099,0,[[759251,0]]]
[1358146717,0,[[137942107,0],[38474832,0]]]
[17229160,0,[[51933295,0]]]
[49204865,0,[]]
[43532023,0,[[4259512025,0]]]
[2984557972,0,[]]
[23405846,0,[[109171621,0]]]
[2202375985,0,[[3006989562,0],[2645258028,0]]]
[111313623,0,[[2785269257,0]]]
[1134981072,0,[]]
[2862577383,0,[]]
[52424550,0,[[251663248,0]]]
[1495164260,0,[[55842062,0]]]
[1496212820,0,[]]
[14591141,0,[[1073653525,0]]]
[430437851,0,[[358754219,0]]]
[68239468,0,[[211344774,0]]]
[2830484683,0,[]]
[905216395,0,[[247503994,0]]]
[2960887032,0,[[2877235323,0]]]
[16887175,0,[[215422921,0]]]
[513452562,0,[[2751226827,0]]]
[75014385,0,[]]
[1176994477,0,[[555934248,0],[1759181,0]]]
[123573207,0,[[18320938,0]]]
[16514160,0,[]]
[152325528,0,[[99305539,0]]]
[3580248555,0,[[862306448,0]]]
[207227095,0,[]]
[69613737,0,[[131882980,0]]]
[251663248,0,[[52424550,0]]]
[1953669344,0,[]]
[103330491,0,[[39240673,0]]]
[38647512,0,[[51310666,0],[46704429,0]]]
[112943662,0,[[7996082,0]]]
[311397912,0,[]]
[384434800,0,[[885721369,0]]]
[323016668,0,[[19897138,0]]]
[705902960967094272,0,[]]
[1177979562,0,[]]
[21276122,0,[]]
[133929829,0,[[1877831,0]]]
[2298920345,0,[[53313935,0]]]
[868114206,0,[[30699754,0]]]
[551013493,0,[]]
[20850076,0,[]]
[1340408646,0,[]]
[206330090,0,[]]
[18771385,0,[[87416722,0]]]
[1338047336,0,[[4870746007,0]]]
[15438913,0,[]]
[14980174,0,[[5402612,0]]]
[7587032,0,[[3305488553,0],[124727478,0]]]
[7668952,0,[[228477083,0]]]
[718775930,0,[[759251,0]]]
[17163691,0,[]]
[220651913,0,[[17537467,0]]]
[2349277367,0,[[611520488,0],[267722968,0]]]
[17919393,0,[[35550666,0],[586624738,0]]]
[243950136,0,[]]
[1372665186,0,[]]
[702879461461659648,0,[]]
[138716400,0,[]]
[1269258001,0,[]]
[283632721,0,[]]
[510120656,0,[[216234513,0]]]
[3328064230,0,[]]
[261239594,0,[[3317646398,0]]]
[353903008,0,[]]
[15901769,0,[[171754508,0]]]
[181792363,0,[[147725246,0]]]
[432557320,0,[]]
[26500439,0,[]]
[150725695,0,[]]
[16389180,0,[[120815198,0]]]
[3002789437,0,[]]
[3071144903,0,[[374604840,0]]]
[54710153,0,[[113415132,0]]]
[187092978,0,[[48438566,0]]]
[813065377,0,[]]
[701725963,0,[]]
[82403377,0,[]]
[238080747,0,[]]
[43855487,0,[[2323772125,0]]]
[104030935,0,[[51241574,0]]]
[1336218432,0,[]]
[39790265,0,[]]
[2831713327,0,[]]
[736662678379331589,0,[[34822048,0]]]
[54738859,0,[]]
[429864309,0,[]]
[1028630946,0,[[7996082,0]]]
[51554275,0,[]]
[335535886,0,[]]
[2649409820,0,[[2647911073,0]]]
[3004327914,0,[[1840372254,0],[2320657302,0]]]
[40597139,0,[[1877831,0]]]
[288067030,0,[[2790518743,0]]]
[1226481127,0,[[2380794104,0]]]
[746436738,0,[]]
[724733490,0,[]]
[966171799,0,[[1102984189,0]]]
[34713362,0,[]]
[48967656,0,[[290395312,0]]]
[5817692,0,[[105998402,0]]]
[228477083,0,[[7668952,0]]]
[2163928572,0,[[2236222567,0]]]
[4662829290,0,[[322005131,0]]]
[495370382,0,[]]
[54226483,0,[]]
[486007290,0,[]]
[247981000,0,[[714947334,0]]]
[2380794104,0,[[1226481127,0]]]
[731291922254467073,0,[]]
[19985444,0,[]]
[2311343312,0,[]]
[2815253209,0,[]]
[1019455962,0,[]]
[2830484910,0,[]]
[1231484029,0,[[134758540,0]]]
[474835281,0,[]]
[3835396486,0,[]]
[113415132,0,[[54710153,0]]]
[472074557,0,[[55842062,0]]]
[2301535280,0,[]]
[109171621,0,[[23405846,0]]]
[17169453,0,[]]
[17325090,0,[[759251,0]]]
[4145603123,0,[[1367531,0]]]
[1560664110,0,[]]
[4708146575,0,[]]
[2684779816,0,[[710237311242526721,0]]]
[991221307,0,[]]
[34082620,0,[]]
[2296045039,0,[]]
[25357498,0,[]]
[1625597406,0,[]]
[537290044,0,[[20399735,0]]]
[2326865802,0,[[324763052,0]]]
[3882048088,0,[]]
[138478972,0,[]]
[235733811,0,[]]
[45084560,0,[]]
[403780910,0,[]]
[67334466,0,[]]
[65007261,0,[[3422474392,0]]]
[10012122,0,[]]
[42717128,0,[]]
[25763021,0,[]]
[96448762,0,[]]
[334454440,0,[]]
[147991962,0,[[940908996,0]]]
[1148188964,0,[]]
[323839489,0,[]]
[283901351,0,[]]
[1850680093,0,[]]
[14529929,0,[]]
[89950212,0,[[23377748,0]]]
[21802000,0,[[95151374,0]]]
[68774214,0,[]]
[223739958,0,[]]
[2989399887,0,[[3066787711,0],[1153045459,0]]]
[2785231714,0,[[2475999465,0]]]
[435035276,0,[[111381659,0]]]
[169033588,0,[[432809372,0]]]
[3033764283,0,[]]
[2389748504,0,[]]
[88113192,0,[]]
[49053573,0,[[1371596388,0]]]
[2587850581,0,[]]
[6509832,0,[]]
[9397732,0,[[1114317630,0]]]
[85889137,0,[]]
[462683900,0,[[2865078826,0]]]
[736186002,0,[[363642799,0]]]
[217330049,0,[[415553048,0]]]
[14138785,0,[]]
[17048700,0,[[1542533869,0]]]
[214317500,0,[[629321044,0]]]
[165196963,0,[[428333,0]]]
[32861321,0,[]]
[487118986,0,[]]
[129673790,0,[[953109848,0]]]
[177829660,0,[[405667557,0],[350141879,0]]]
[41048052,0,[]]
[18396319,0,[]]
[718561802787930113,0,[[31435069,0]]]
[307793874,0,[[767689688,0],[1595824910,0]]]
[342034927,0,[]]
[561335546,0,[]]
[1684670970,0,[[1266803563,0]]]
[87818409,0,[[138214798,0]]]
[953109848,0,[[129673790,0]]]
[546657547,0,[]]
[22127823,0,[]]
[1537470012,0,[[55842062,0]]]
[2403392227,0,[[281597727,0]]]
[2763565341,0,[[2588948750,0]]]
[622522559,0,[]]
[121514648,0,[[786937495,0]]]
[99305539,0,[[152325528,0]]]
[36409216,0,[]]
[3305488553,0,[[7587032,0]]]
[142028251,0,[[1652541,0]]]
[928875248,0,[[5781452,0]]]
[16305494,0,[]]
[3020747170,0,[]]
[3286586954,0,[[756796452,0]]]
[722714274,0,[[5402612,0]]]
[17931424,0,[[18424289,0]]]
[138214798,0,[[87818409,0]]]
[34822048,0,[[736662678379331589,0]]]
[148997461,0,[[133411809,0]]]
[2435380381,0,[]]
[2454702073,0,[]]
[35362720,0,[[5402612,0]]]
[208413101,0,[]]
[742668672,0,[[147994804,0]]]
[611350965,0,[]]
[36327407,0,[]]
[429601885,0,[[3259793684,0],[19519947,0]]]
[4870746007,0,[[329772412,0],[1338047336,0]]]
[125944392,0,[]]
[60937837,0,[]]
[48144146,0,[]]
[1699487874,0,[]]
[4811164427,0,[]]
[117439280,0,[[378126181,0]]]
[3108351,0,[]]
[15760672,0,[]]
[2567079122,0,[[162304163,0]]]
[149015856,0,[]]
[885721369,0,[[384434800,0]]]
[54511337,0,[]]
[759251,0,[[2635904288,0],[391411526,0],[14670284,0],[2326161099,0],[2311574407,0],[718775930,0],[17325090,0],[297853502,0],[34280715,0],[3514987456,0]]]
[976988131,0,[]]
[562177112,0,[[543774554,0]]]
[111977331,0,[[407293901,0]]]
[137207244,0,[]]
[4647620839,0,[]]
[16725276,0,[]]
[46704429,0,[[38647512,0]]]
[552865041,0,[]]
[215058742,0,[[4224729994,0]]]
[590284484,0,[]]
[1107119120,0,[]]
[2938090225,0,[]]
[58048133,0,[]]
[135247359,0,[]]
[68440549,0,[]]
[122940070,0,[]]
[1630543046,0,[]]
[3948670637,0,[]]
[999771745,0,[]]
[2822512068,0,[[4312913178,0]]]
[328541805,0,[]]
[244218738,0,[]]
[932303468,0,[]]
[56413858,0,[]]
[1367531,0,[[4145603123,0],[4300087053,0],[874763028,0],[711576455306743808,0],[75972047,0]]]
[290395312,0,[[48967656,0]]]
[2424241790,0,[]]
[15720175,0,[[2262642157,0]]]
[18374425,0,[]]
[64744912,0,[]]
[18079519,0,[[428333,0]]]
[1394095381,0,[]]
[832718768,0,[[30699754,0]]]
[437453824,0,[]]
[105998402,0,[[5817692,0]]]
[15535860,0,[]]
[50769180,0,[[737450550,0]]]
[767689688,0,[[307793874,0]]]
[38474832,0,[[16973333,0],[1358146717,0]]]
[432322520,0,[[55842062,0]]]
[2795245697,0,[[26028938,0]]]
[2382060517,0,[]]
[47496394,0,[]]
[710237311242526721,0,[[2684779816,0]]]
[741058478228135937,0,[[123558035,0]]]
[1174501406,0,[]]
[70730280,0,[]]
[5893702,0,[]]
[1877213636,0,[]]
[15404745,0,[]]
[793332079,0,[[64643056,0]]]
[320726331,0,[]]
[725431573,0,[[44425241,0]]]
[2427905690,0,[]]
[18071358,0,[[2210318846,0]]]
[165326839,0,[]]
[4019546554,0,[]]
[58959283,0,[]]
[58758576,0,[]]
[171754508,0,[[15901769,0]]]
[23377748,0,[[89950212,0]]]
[196871565,0,[[1216651544,0]]]
[3043779423,0,[[908443171,0]]]
[182578386,0,[]]
[505196587,0,[]]
[120649992,0,[]]
[88537980,0,[]]
[547301029,0,[]]
[139929196,0,[[45013575,0]]]
[1536611755,0,[]]
[2980186012,0,[[529773715,0]]]
[149913262,0,[[247903672,0]]]
[69313123,0,[]]
[381915273,0,[[2535590378,0]]]
[632595449,0,[]]
[1994321,0,[[95199214,0]]]
[228713457,0,[]]
[100986964,0,[[80866959,0]]]
[49857705,0,[]]
[608033385,0,[]]
[60061120,0,[]]
[191505726,0,[[51241574,0]]]
[2718164052,0,[[2840378924,0]]]
[2735793480,0,[]]
[418698924,0,[[908443171,0]]]
[72882689,0,[]]
[55842062,0,[[377294486,0],[1643678617,0],[432322520,0],[472074557,0],[1495164260,0],[264115903,0],[2258963714,0],[182466670,0],[1537470012,0],[729302537166270464,0],[2273178882,0],[147132528,0]]]
[246194416,0,[]]
[2836944710,0,[]]
[82072251,0,[]]
[704941969433346048,0,[]]
[74433034,0,[]]
[7869982,0,[]]
[2174509045,0,[]]
[144363253,0,[[1017110414,0]]]
[2481626522,0,[]]
[21104432,0,[]]
[9567972,0,[[275198233,0]]]
[50201737,0,[]]
[66481550,0,[]]
[21686067,0,[[1020058453,0]]]
[101417074,0,[[30699754,0]]]
[829347607,0,[]]
[488260448,0,[]]
[1664939335,0,[]]
[426561297,0,[[2300289704,0]]]
[147537589,0,[[240649814,0]]]
[18628451,0,[]]
[90524645,0,[]]
[3480132076,0,[]]
[2447644512,0,[]]
[145008162,0,[[216234513,0]]]
[4472065032,0,[]]
[17614726,0,[]]
[293715722,0,[]]
[604883587,0,[]]
[1372874587,0,[]]
[2547790158,0,[[2582018642,0]]]
[7309052,0,[[899136540,0]]]
[810647239,0,[]]
[136562356,0,[]]
[331617619,0,[[1691235696,0]]]
[23685118,0,[[15823826,0]]]
[500151127,0,[[2206720667,0]]]
[171429034,0,[]]
[113987669,0,[]]
[68164273,0,[[100174414,0]]]
[4782164908,0,[]]
[95431448,0,[]]
[34421926,0,[]]
[335455570,0,[]]
[90227660,0,[]]
[597361975,0,[]]
[834672494,0,[[8839632,0]]]
[18966415,0,[]]
[864927037,0,[[633948144,0]]]
[367227730,0,[]]
[828717014,0,[[362550965,0]]]
[753574489,0,[]]
[1321898108,0,[[355989081,0]]]
[3982293994,0,[[1632426716,0]]]
[454290853,0,[]]
[92805937,0,[[123735296,0]]]
[18247597,0,[]]
[465702270,0,[[520483592,0],[504661583,0]]]
[4786189306,0,[]]
[242714826,0,[]]
[2395121791,0,[]]
[20627332,0,[]]
[31119205,0,[]]
[261939549,0,[[8168562,0]]]
[5627542,0,[]]
[2906655619,0,[]]
[237299936,0,[[18935802,0]]]
[2535590378,0,[[381915273,0]]]
[405667557,0,[[177829660,0]]]
[48587820,0,[]]
[303862998,0,[[15968617,0]]]
[26292059,0,[[87416722,0]]]
[333888813,0,[[118756583,0]]]
[212099695,0,[]]
[3364589120,0,[]]
[798401,0,[[5392522,0]]]
[93088579,0,[]]
[68156126,0,[]]
[16676396,0,[]]
[44596346,0,[]]
[18935802,0,[[237299936,0],[242339687,0]]]
[329772412,0,[[4870746007,0]]]
[415553048,0,[[217330049,0]]]
[74707629,0,[[1652541,0]]]
[37874853,0,[]]
[2285141712,0,[[164335216,0]]]
[1446783193,0,[]]
[2253170858,0,[[2841369493,0]]]
[1278515923,0,[]]
[17741799,0,[]]
[21522338,0,[]]
[398752046,0,[]]
[1923103819,0,[[355989081,0]]]
[549514800,0,[]]
[18159588,0,[]]
[798288229,0,[]]
[216234513,0,[[145008162,0],[510120656,0]]]
[166635292,0,[[5402612,0]]]
[202441445,0,[]]
[1204707642,0,[]]
[21352370,0,[]]
[520653311,0,[[4167413894,0]]]
[324763052,0,[[2326865802,0]]]
[1352019566,0,[]]
[3316079454,0,[]]
[72245941,0,[]]
[572122341,0,[]]
[709147879202381825,0,[[81200530,0]]]
[1322420269,0,[[136655165,0]]]
[34280715,0,[[759251,0]]]
[36201772,0,[]]
[37764422,0,[[177702195,0]]]
[128012454,0,[[2572315144,0]]]
[1070500039,0,[]]
[344261512,0,[]]
[3025757015,0,[]]
[11966392,0,[[20371573,0]]]
[562568856,0,[]]
[371808569,0,[[5402612,0]]]
[960167467,0,[]]
[72489795,0,[[238575113,0]]]
[4776833963,0,[]]
[365462238,0,[]]
[3926381840,0,[]]
[16973333,0,[[38474832,0]]]
[2823192415,0,[]]
[139235158,0,[[14131420,0]]]
[1350989725,0,[[4717892303,0]]]
[16815644,0,[]]
[71652185,0,[]]
[337206020,0,[]]
[727059528,0,[]]
[316063176,0,[]]
[47685065,0,[]]
[20448792,0,[]]
[1146809210,0,[]]
[502751959,0,[]]
[17514024,0,[]]
[1652541,0,[[74707629,0],[2477215722,0],[1232348810,0],[375407802,0],[142028251,0]]]
[2265432099,0,[[34310801,0]]]
[918847968,0,[]]
[151432737,0,[[132911028,0]]]
[1894735813,0,[]]
[2468062257,0,[]]
[267722968,0,[[2349277367,0]]]
[543774554,0,[[562177112,0]]]
[14917589,0,[]]
[2576264888,0,[[45808079,0]]]
[874763028,0,[[1367531,0]]]
[18320938,0,[[137804302,0],[123573207,0]]]
[111935889,0,[[2184246600,0]]]
[20430345,0,[]]
[20399735,0,[[537290044,0]]]
[14186393,0,[[5402612,0]]]
[4300087053,0,[[1367531,0]]]
[729302537166270464,0,[[55842062,0]]]
[79412223,0,[[184604973,0]]]
[16172991,0,[]]
[413491182,0,[[2184195506,0]]]
[4236401613,0,[[47722134,0]]]
[3087296331,0,[]]
[3214831821,0,[[828068220,0]]]
[302808408,0,[]]
[725182719760572421,0,[]]
[4321820354,0,[]]
[1501810393,0,[]]
[1877831,0,[[133929829,0],[40597139,0]]]
[2840378924,0,[[2718164052,0]]]
[23723528,0,[[247503994,0]]]
[4228879213,0,[]]
[695957162867220480,0,[]]
[379969984,0,[[34310801,0]]]
[745143055,0,[]]
[634532538,0,[[58026269,0]]]
[1153045459,0,[[2989399887,0]]]
[4791255802,0,[[5402612,0]]]
[2647911073,0,[[2649409820,0]]]
[137682758,0,[[18424289,0]]]
[412776430,0,[[31540671,0]]]
[845997336,0,[]]
[126554366,0,[]]
[635300517,0,[[51241574,0]]]
[2891068202,0,[[3317646398,0]]]
[2184246600,0,[[111935889,0]]]
[47138228,0,[]]
[403670899,0,[]]
[134133891,0,[]]
[2184195506,0,[[413491182,0]]]
[2230309734,0,[]]
[407293901,0,[[111977331,0]]]
[176534793,0,[[51241574,0]]]
[1425451896,0,[[114431792,0]]]
[150617972,0,[]]
[1270150182,0,[[2304953087,0]]]
[5781452,0,[[928875248,0]]]
[454513795,0,[[26900055,0]]]
[71807953,0,[]]
[2873849053,0,[[5402612,0]]]
[519983462,0,[[725749073614114817,0]]]
[1020058453,0,[[21686067,0]]]
[294327826,0,[]]
[17710740,0,[]]
[3055067522,0,[]]
[50279781,0,[]]
[620546912,0,[]]
[1462253749,0,[]]
[298442326,0,[[298442326,0]]]
[811061192,0,[[3302700299,0]]]
[29255194,0,[[6017542,0]]]
[1371596388,0,[[49053573,0]]]
[177702195,0,[[37764422,0]]]
[5402612,0,[[4791255802,0],[110655823,0],[14186393,0],[183050352,0],[722714274,0],[234493600,0],[371808569,0],[14980174,0],[35362720,0],[113897359,0],[166635292,0],[2873849053,0]]]
[14665593,0,[]]
[94607882,0,[]]
[2990122384,0,[]]
[1840372254,0,[[828068220,0],[3004327914,0],[40637908,0]]]
[183334236,0,[[24001226,0]]]
[100731315,0,[]]
[34262462,0,[[2403016908,0]]]
[100174414,0,[[68164273,0]]]
[598105105,0,[]]
[40637908,0,[[1840372254,0]]]
[2404174069,0,[]]
[164335216,0,[[2285141712,0]]]
[3006989562,0,[[2202375985,0]]]
[256999571,0,[]]
[29681153,0,[]]
[48438566,0,[[187092978,0]]]
[2977384127,0,[]]
[130902021,0,[]]
[137916402,0,[]]
[1415594922,0,[[1172547139,0]]]
[197456911,0,[]]
[41786801,0,[]]
[26900055,0,[[2833154944,0],[1049681827,0],[454513795,0]]]
[39288218,0,[]]
[123558035,0,[[741058478228135937,0]]]
[2401921273,0,[]]
[35550666,0,[[17919393,0]]]
[110655823,0,[[5402612,0]]]
[1759181,0,[[1176994477,0]]]
[281597727,0,[[2403392227,0]]]
[4715822787,0,[]]
[124727478,0,[[7587032,0]]]
[1050052940,0,[]]
[301588004,0,[]]
[94110274,0,[]]
[4970411,0,[]]
[171650522,0,[]]
[55186601,0,[]]
[44971336,0,[]]
[14333756,0,[]]
[3318602282,0,[]]
[2943576212,0,[[2572315144,0]]]
[1139819544,0,[[587518850,0]]]
[2884535303,0,[]]
[2467791,0,[]]
[2400260346,0,[]]
[940832767,0,[[349722607,0]]]
[245727561,0,[[252981027,0]]]
[625566372,0,[[390803438,0]]]
[2836421,0,[[14173315,0]]]
[82084630,0,[]]
[711576455306743808,0,[[4734316675,0],[1367531,0]]]
[21186231,0,[]]
[72838050,0,[[742143,0]]]
[24952459,0,[]]
[2403016908,0,[[34262462,0]]]
[2887465954,0,[]]
[1937532032,0,[]]
[1232348810,0,[[1652541,0]]]
[117983479,0,[]]

